4,26
4,40
4,39
4,4
4,65
4,12
4,69
4,38
4,32
4,67
4,80
4,1
4,8
4,2
4,3
46,52
46,51
46,50
46,49
46,48
46,47
46,46
46,45
46,44
46,43
46,42
46,41
46,40
46,39
46,38
46,37
46,36
46,35
3,2
3,1
3,3
10,27
10,29
10,155
10,227
10,287
10,181
10,141
10,221
11,5
11,11
9,5
8,15
8,14
8,4
8,6
8,5
8,2
8,3
37,3
37,2
37,1
37,0
36,4
36,3
36,2
36,1
36,0
34,3
34,2
34,1
34,0
33,3
33,2
33,1
33,0
32,3
32,2
32,1
32,0
20,3
20,2
20,1
19,3
19,2
19,1
12,3
12,2
12,1
11,29
11,28
11,27
11,26
11,25
11,24
11,23
11,22
11,21
11,20
11,19
11,18
11,16
